Number xind yind east north data err wgt Elos Nlos Ulos
********************************************************
   0  265 -3622 -71.503167 -32.717438 -4.96358633041 0.635569393635 233 0.605150902732 -0.169318780239 0.777896216499
   1  272 -3620 -71.428087 -32.696681 -5.32875061035 0.482606232166 1406 0.600510859049 -0.167525713243 0.781865927734
   2  261 -3628 -71.547301 -32.771757 -5.67491340637 0.911827087402 46 0.60685227617 -0.170082193354 0.776403377885
   3  264 -3627 -71.513201 -32.761438 -5.23382282257 0.474421173334 360 0.604777570069 -0.169274060304 0.778195518918
   4  261 -3632 -71.551498 -32.804867 -5.4519777298 0.726071000099 141 0.606353415665 -0.169965007521 0.776818534584
   5  264 -3632 -71.515013 -32.806069 -5.32947301865 0.168369218707 384 0.603856982042 -0.169021282617 0.778964912519
   6  272 -3630 -71.434446 -32.784329 -4.90517568588 0.164625391364 1541 0.598835473166 -0.167084844545 0.783242989174
   7  261 -3636 -71.552163 -32.842123 -6.17427635193 1.04757416248 63 0.605514372152 -0.169728336826 0.777524386133
   8  264 -3637 -71.514043 -32.849021 -5.23641824722 0.35532566905 342 0.602752273194 -0.168697999365 0.779890087264
   9  264 -3642 -71.513572 -32.897460 -5.15835380554 0.603374361992 319 0.601555568297 -0.168351226886 0.780888698878
  10  272 -3640 -71.436933 -32.874500 -4.7753572464 0.236750602722 1541 0.596882280206 -0.166539921361 0.784848339599
  11  260 -3648 -71.557934 -32.945954 -3.59031057358 1.07689094543 135 0.603436206447 -0.169166878307 0.7792603453
  12  264 -3647 -71.519083 -32.940584 -4.50319623947 0.39554092288 385 0.600948264692 -0.168211137784 0.781385935746
  13  260 -3652 -71.559868 -32.983691 -3.80894565582 0.933233380318 140 0.602661472559 -0.168956009192 0.779905337521
  14  264 -3652 -71.520013 -32.982280 -4.19350385666 0.276022613049 320 0.600020033866 -0.167949737236 0.782155193202
  15  269 -3647 -71.465361 -32.941082 -5.03329515457 0.154245302081 389 0.59720987388 -0.166807150052 0.784546663951
  16  274 -3647 -71.412209 -32.943209 -5.03304624557 0.113875061274 380 0.593445165847 -0.165403476318 0.787694256086
  17  269 -3651 -71.466824 -32.981943 -4.81472587585 0.112826801836 318 0.596393621943 -0.166581722504 0.785215281653
  18  274 -3652 -71.413162 -32.983432 -4.86945343018 0.0920354351401 306 0.592588003749 -0.165163427981 0.788389534343
  19  266 -3577 -71.484642 -32.309022 -10.7805204391 0.77006739378 129 0.61347518226 -0.17158345058 0.770848123602
  20  266 -3581 -71.484583 -32.346825 -10.1304330826 0.682700812817 58 0.612593258249 -0.171331340126 0.771605297409
  21  272 -3579 -71.421435 -32.332572 -10.8807754517 0.673501729965 1504 0.608709619202 -0.169827748972 0.774998313252
  22  273 -3590 -71.409544 -32.424829 -8.87816143036 0.798060357571 1086 0.605708844864 -0.16889743817 0.777551065767
  23  272 -3600 -71.426226 -32.514504 -6.84890079498 0.644817590714 1506 0.604782618216 -0.168736640913 0.778304359313
  24  272 -3609 -71.422518 -32.600538 -6.0095448494 0.352541595697 1305 0.60243223225 -0.168041227318 0.780275118534
  25  261 -3537 -71.527719 -31.947718 -26.5187206268 1.1749600172 130 0.624576506706 -0.175021046629 0.761098800714
  26  264 -3537 -71.491938 -31.948229 -26.7952480316 1.17891013622 380 0.622276247959 -0.174136168667 0.763182093752
  27  261 -3542 -71.527461 -31.997154 -22.6120796204 1.00220751762 106 0.623445327552 -0.174697716703 0.762099966688
  28  264 -3542 -71.492175 -31.993605 -23.1834869385 0.871679127216 383 0.621285336292 -0.173856172604 0.764052770001
  29  271 -3539 -71.412841 -31.973121 -24.7690486908 1.8083268404 1524 0.616796167856 -0.172076522884 0.768077979994
  30  260 -3547 -71.532383 -32.039473 -19.7265930176 1.1533510685 159 0.622809105699 -0.174548393807 0.76265404022
  31  264 -3547 -71.494328 -32.038485 -20.3778419495 0.859920680523 382 0.620408903242 -0.173620812907 0.764818027538
  32  261 -3552 -71.531455 -32.084111 -17.1270885468 0.770261764526 143 0.621738799802 -0.174237830864 0.76359781352
  33  264 -3552 -71.494642 -32.083917 -17.9497966766 0.61318820715 382 0.61938483428 -0.173331248745 0.765713161511
  34  272 -3549 -71.415149 -32.063134 -19.8989505768 1.45862281322 1524 0.614710771623 -0.171497803318 0.769876756615
  35  260 -3557 -71.535763 -32.128603 -15.544719696 1.08909904957 176 0.621010451493 -0.174058145166 0.764231104742
  36  264 -3557 -71.496796 -32.128801 -15.8355426788 0.782249748707 383 0.618476768231 -0.173086903659 0.766502027723
  37  260 -3562 -71.538864 -32.173625 -13.3531122208 0.670841932297 219 0.620192097747 -0.173844800624 0.764943785591
  38  264 -3562 -71.497182 -32.174270 -13.9951372147 0.503434479237 382 0.617540830873 -0.172822864034 0.767315772972
  39  271 -3559 -71.417599 -32.153153 -15.6854219437 1.21707177162 1527 0.61274543508 -0.170954311858 0.771562830716
  40  260 -3567 -71.538364 -32.215417 -12.4440450668 0.72402215004 168 0.61919981596 -0.173558624107 0.765812024119
  41  264 -3567 -71.499206 -32.219037 -12.4071474075 0.437892049551 384 0.616560300657 -0.172555911471 0.768163803344
  42  261 -3571 -71.532640 -32.253056 -12.1980819702 0.958381831646 54 0.617959720117 -0.173168245841 0.766901743633
  43  264 -3571 -71.496614 -32.259603 -11.7089090347 0.665852189064 271 0.61541856347 -0.172213850646 0.769155236188
  44  272 -3569 -71.419927 -32.243206 -12.7415590286 0.763678491116 1528 0.610792394279 -0.170412317172 0.773229513493
  45  261 -3500 -71.508814 -31.610835 -63.9279823303 3.11772704124 1520 0.63094948691 -0.176706105588 0.755427024592
  46  271 -3500 -71.403473 -31.612772 -58.1873512268 2.58057355881 1518 0.624135604096 -0.174095646725 0.761667290224
  47  259 -3507 -71.537017 -31.678205 -58.0242042542 1.46620261669 377 0.631225477795 -0.176968240295 0.755138892552
  48  264 -3507 -71.484584 -31.678334 -55.9282302856 1.65066373348 378 0.628127245991 -0.175749918968 0.758001461389
  49  259 -3512 -71.537346 -31.723196 -52.46459198 1.86237668991 371 0.630234276991 -0.176689514373 0.756031544864
  50  264 -3512 -71.485009 -31.723491 -51.2597160339 1.62240993977 382 0.626964785978 -0.175421868904 0.759038963399
  51  271 -3510 -71.405884 -31.702831 -50.3144836426 2.86000680923 1519 0.622360390491 -0.173609626056 0.763229058478
  52  260 -3516 -71.530257 -31.763252 -47.3289299011 2.0789501667 182 0.628866110857 -0.176255306536 0.757271171926
  53  264 -3517 -71.487083 -31.768334 -46.0023193359 1.47329425812 378 0.626036942951 -0.175172435504 0.759862149676
  54  260 -3522 -71.534654 -31.816159 -40.190372467 1.90812444687 281 0.627978867059 -0.176032393906 0.75805931541
  55  264 -3522 -71.487371 -31.813518 -40.7843208313 1.4874008894 382 0.6250703288 -0.174900148395 0.760720124107
  56  271 -3520 -71.408227 -31.792890 -41.3446846008 2.74286746979 1522 0.62050823133 -0.173100124961 0.764851405101
  57  259 -3527 -71.540905 -31.857501 -35.6778106689 1.29975700378 354 0.627455698232 -0.175924608558 0.758516874354
  58  264 -3527 -71.489583 -31.858334 -35.9065666199 1.50464606285 378 0.624144021638 -0.174651496822 0.761537284763
  59  260 -3532 -71.529225 -31.903580 -31.0364437103 2.17149353027 132 0.625666417407 -0.17534054748 0.760129104058
  60  264 -3532 -71.489709 -31.903628 -31.0439014435 1.37753462791 379 0.623118203674 -0.17436119167 0.762443362251
  61  271 -3529 -71.410609 -31.882979 -33.1162452698 2.62507557869 1525 0.618505478609 -0.172547020551 0.766596441034
  62  249 -3457 -71.629643 -31.225117 -110.980552673 2.88241839409 380 0.646810325353 -0.181988614209 0.740617793014
  63  254 -3457 -71.577017 -31.225818 -103.269477844 2.29243135452 377 0.64371970035 -0.180763373364 0.743604541615
  64  249 -3462 -71.629469 -31.270425 -107.05141449 2.92970538139 351 0.645807319217 -0.181704848241 0.741562299409
  65  254 -3462 -71.578750 -31.270834 -98.1039581299 2.47276735306 378 0.642842809675 -0.180528159495 0.74441995996
  66  249 -3467 -71.627703 -31.313346 -103.071594238 3.92392873764 303 0.644774634256 -0.181401661127 0.742534413983
  67  254 -3467 -71.579583 -31.315834 -95.4130783081 1.82924485207 378 0.641873294241 -0.180260097854 0.745320785929
  68  250 -3472 -71.622557 -31.360348 -95.5747528076 1.59030914307 216 0.64346238888 -0.180996754034 0.743771215556
  69  254 -3472 -71.581111 -31.360834 -92.4521865845 1.95675694942 378 0.641003492963 -0.180025294147 0.74612570282
  70  261 -3460 -71.499252 -31.250033 -91.6649169922 4.16088342667 1515 0.638488303868 -0.178771983879 0.748575532358
  71  272 -3459 -71.394255 -31.251938 -81.8952789307 2.71746039391 1515 0.631940663648 -0.176239042717 0.754707287522
  72  261 -3470 -71.501634 -31.340235 -84.714050293 3.64360952377 1517 0.63661175927 -0.178258730488 0.75029426263
  73  272 -3470 -71.396498 -31.342145 -76.4970016479 1.96890795231 1517 0.629954629928 -0.175693564122 0.756492390747
  74  250 -3477 -71.621428 -31.402206 -90.8648071289 1.63911926746 164 0.642483859891 -0.180713199988 0.744685445253
  75  254 -3477 -71.582084 -31.405834 -88.2963562012 2.12772703171 378 0.640051847886 -0.179763008875 0.747005348168
  76  254 -3482 -71.582910 -31.450499 -83.2988128662 1.74981284142 369 0.639101307728 -0.179499800572 0.747882060242
  77  255 -3487 -71.577926 -31.494149 -78.5499038696 1.33199906349 276 0.637810019047 -0.179101502064 0.749079207363
  78  255 -3492 -71.575458 -31.539741 -75.8266677856 1.24229347706 223 0.636655859883 -0.178758978175 0.750142429442
  79  261 -3480 -71.504050 -31.430432 -78.3502502441 3.77307391167 1518 0.634712544629 -0.17773869563 0.752024425584
  80  272 -3480 -71.398812 -31.432370 -70.3362045288 2.59888291359 1519 0.628029592968 -0.175165826108 0.758213641182
  81  261 -3490 -71.506432 -31.520654 -71.2062225342 2.96334791183 1520 0.632842454746 -0.177225845111 0.753719619701
  82  272 -3490 -71.401090 -31.522595 -64.8831939697 1.93270015717 1520 0.626093187536 -0.17463354288 0.759935328521
  83  241 -3416 -71.705430 -30.854866 -143.826522827 1.04075276852 62 0.658937408078 -0.185913810567 0.728860225408
  84  244 -3417 -71.671951 -30.863241 -140.143051147 2.19210863113 376 0.656855590007 -0.185098332769 0.730942989759
  85  244 -3422 -71.673085 -30.908328 -142.256576538 2.47355818748 372 0.655982353354 -0.184861693331 0.731786633531
  86  251 -3419 -71.594330 -30.887339 -128.115844727 5.45626592636 1507 0.651842731906 -0.183161171387 0.735897794178
  87  245 -3427 -71.668082 -30.951370 -140.972763062 1.98127961159 273 0.654769599874 -0.184487117843 0.732966424126
  88  245 -3432 -71.661905 -30.997084 -137.542388916 1.75704991817 168 0.653448875107 -0.184074235193 0.734248342259
  89  251 -3430 -71.596785 -30.977493 -128.070098877 4.95573091507 1510 0.650052408588 -0.182675990502 0.737600169316
  90  261 -3420 -71.489804 -30.889413 -111.744499207 4.63853406906 1509 0.645508151208 -0.180678148897 0.742069380934
  91  272 -3419 -71.385247 -30.891290 -96.8174514771 4.31447982788 1508 0.638995433281 -0.178157919934 0.748289249027
  92  261 -3430 -71.492150 -30.979565 -112.496192932 4.20793008804 1510 0.643665999411 -0.180177438545 0.743789173515
  93  272 -3429 -71.387471 -30.981430 -98.8143386841 3.49747371674 1511 0.637142438355 -0.177653044078 0.749987316321
  94  245 -3437 -71.665376 -31.044962 -133.036468506 1.75716245174 205 0.652684401594 -0.183883837302 0.734975677583
  95  245 -3442 -71.666215 -31.084998 -128.469924927 1.68496119976 187 0.651893748 -0.18366770271 0.735730815061
  96  251 -3440 -71.599236 -31.067682 -122.957420349 4.82337188721 1512 0.648414717977 -0.182234173562 0.739149495644
  97  245 -3447 -71.666584 -31.135195 -125.053779602 1.27814340591 180 0.650877571768 -0.18338473729 0.736700694429
  98  245 -3452 -71.667493 -31.176053 -122.052047729 1.96971535683 177 0.650076900162 -0.183165985901 0.737461564905
  99  251 -3450 -71.601696 -31.157839 -113.62727356 5.23086690903 1512 0.646649232932 -0.181754735264 0.740812388165
 100  262 -3440 -71.494461 -31.069726 -108.427726746 4.50689029694 1512 0.64202943736 -0.179735390469 0.745308889165
 101  272 -3439 -71.389701 -31.071597 -95.9163208008 3.50512385368 1511 0.635391876486 -0.177177811215 0.751583411826
 102  261 -3450 -71.496865 -31.159873 -99.36743927 4.38574743271 1512 0.640360591746 -0.1792835234 0.746851944813
 103  272 -3449 -71.391978 -31.161758 -89.5139541626 3.1069560051 1514 0.63373620881 -0.176728754064 0.753085339754
 104  240 -3377 -71.701365 -30.500940 -81.8556518555 3.02775120735 188 0.665806497031 -0.187799829831 0.722102716565
 105  244 -3377 -71.662084 -30.503334 -78.8143997192 2.80466103554 378 0.663613565542 -0.186913950024 0.724347054643
 106  240 -3382 -71.704085 -30.547873 -94.0872116089 3.32778215408 206 0.66504243132 -0.187606810221 0.722856615932
 107  244 -3382 -71.663475 -30.548375 -88.3838195801 3.68655133247 372 0.662825515033 -0.186705434595 0.725121970619
 108  249 -3377 -71.609650 -30.503278 -73.9503707886 2.73763513565 377 0.660665234141 -0.185728834739 0.72734048844
 109  254 -3377 -71.557740 -30.504765 -68.3912887573 2.93389225006 373 0.657417569499 -0.184462708738 0.73059820202
 110  249 -3382 -71.611748 -30.548552 -82.2212142944 3.13936281204 373 0.659885514677 -0.185526419541 0.728099674226
 111  254 -3382 -71.559643 -30.550117 -76.173828125 2.85371160507 380 0.656637283062 -0.184259329775 0.731350781102
 112  240 -3387 -71.707678 -30.592063 -104.355659485 3.31752061844 244 0.664408780024 -0.187456173181 0.723478011421
 113  244 -3387 -71.664583 -30.593334 -98.4136886597 3.49048352242 378 0.662058125728 -0.186500896655 0.725875034061
 114  240 -3392 -71.710482 -30.636547 -114.662986755 3.3023006916 270 0.663666658711 -0.18726937081 0.72420704431
 115  244 -3392 -71.665904 -30.638351 -108.006828308 3.8104698658 373 0.661194480296 -0.186269178627 0.726721216942
 116  249 -3387 -71.612083 -30.593334 -91.5032119751 3.26696538925 378 0.658976217269 -0.185275580084 0.728986486556
 117  254 -3387 -71.560071 -30.595106 -84.626663208 3.23570132256 374 0.655768145693 -0.184020342076 0.732190374225
 118  249 -3392 -71.614107 -30.638519 -100.509025574 3.23340582848 373 0.658130616189 -0.185053296167 0.729806510757
 119  254 -3392 -71.562116 -30.640534 -93.5651626587 3.13496160507 379 0.654937848881 -0.183803037949 0.732987693715
 120  262 -3379 -71.480414 -30.528765 -64.1760101318 5.10638999939 1505 0.652308613161 -0.182510424611 0.735646617571
 121  272 -3379 -71.376313 -30.530617 -54.5032691956 4.31936979294 1500 0.646073203762 -0.180072897444 0.741725021323
 122  262 -3390 -71.482831 -30.618998 -78.8350372314 5.82144451141 1504 0.650574222564 -0.182043984998 0.737296040071
 123  271 -3389 -71.378612 -30.620640 -66.4308776855 4.92459630966 1503 0.644153516886 -0.179552120244 0.743518345846
 124  240 -3397 -71.709484 -30.680369 -122.149299622 2.38643240929 226 0.662707176884 -0.186994812525 0.725155948801
 125  244 -3397 -71.667084 -30.683334 -117.062683105 3.13235902786 378 0.660336389901 -0.186038274101 0.727560133688
 126  240 -3402 -71.712114 -30.725143 -131.65864563 2.66093802452 246 0.661957876469 -0.186804559354 0.725888877865
 127  244 -3402 -71.668334 -30.728334 -124.938270569 3.60544657707 374 0.659427757729 -0.185792634154 0.728446542898
 128  249 -3397 -71.614583 -30.683334 -108.834533691 3.21204805374 378 0.657190853326 -0.184793875607 0.730718548178
 129  254 -3397 -71.562483 -30.685464 -101.666419983 3.11240100861 375 0.654002712091 -0.183544559201 0.733886920452
 130  249 -3402 -71.616401 -30.728548 -116.21105957 3.15214371681 374 0.656358791226 -0.184574574391 0.731521459665
 131  254 -3402 -71.564517 -30.730891 -109.065597534 3.12307548523 377 0.653257115292 -0.183351224234 0.734598916469
 132  240 -3407 -71.708677 -30.774240 -137.99079895 1.63658130169 182 0.660766624815 -0.186447737554 0.727065480672
 133  244 -3407 -71.669584 -30.773334 -132.247329712 3.50789308548 378 0.658619595741 -0.185576103628 0.729232468145
 134  241 -3412 -71.706594 -30.815870 -141.498840332 1.32675993443 138 0.659799248844 -0.186162956383 0.728016385134
 135  244 -3412 -71.670833 -30.818334 -137.548751831 2.90650939941 374 0.65777723021 -0.185349094995 0.73005017431
 136  251 -3410 -71.591891 -30.797201 -121.780517578 5.5144329071 1508 0.653549488683 -0.183621748146 0.734267390573
 137  261 -3400 -71.485183 -30.709130 -93.6733322144 6.03636884689 1505 0.648833775639 -0.181574804868 0.738943567743
 138  272 -3399 -71.380773 -30.710879 -79.1199188232 5.11923789978 1503 0.642374084936 -0.179070438007 0.745172121766
 139  262 -3410 -71.487459 -30.799288 -105.401870728 5.58549880981 1506 0.64716968253 -0.181126334723 0.740511239327
 140  272 -3409 -71.382970 -30.801128 -89.6125946045 4.89843082428 1509 0.640633652785 -0.178599878336 0.74678154818
 141  245 -3348 -71.640339 -30.240553 -37.6409568787 1.73741006851 129 0.667446560176 -0.187821350818 0.720581586971
 142  244 -3352 -71.652159 -30.279693 -41.799823761 1.78203165531 298 0.667375524372 -0.187885970777 0.720629998101
 143  248 -3347 -71.614312 -30.235956 -35.3728370667 1.24080204964 184 0.666042631735 -0.187249067442 0.722027908201
 144  249 -3352 -71.608105 -30.280225 -39.6211013794 1.46917712688 316 0.664817954921 -0.186866722247 0.723253855788
 145  254 -3353 -71.548111 -30.288988 -37.2774810791 1.79889035225 197 0.661126832974 -0.185423949194 0.726999098274
 146  264 -3338 -71.443324 -30.157882 -22.4035968781 1.34872770309 141 0.657568424729 -0.183713112845 0.730651735837
 147  261 -3343 -71.481427 -30.196882 -26.4011497498 1.49944448471 99 0.659045634848 -0.184384161174 0.729150929836
 148  264 -3342 -71.446331 -30.191048 -25.2553672791 1.19855690002 369 0.657109962892 -0.183607484994 0.731090314666
 149  272 -3340 -71.362565 -30.174172 -22.0628681183 1.85171115398 1314 0.652456352791 -0.181748650118 0.735705554667
 150  259 -3347 -71.494928 -30.238843 -30.1245193481 1.46413183212 290 0.658999762658 -0.184465259982 0.729171166543
 151  264 -3347 -71.447083 -30.235834 -28.4407043457 1.08224141598 378 0.656267772591 -0.183379872332 0.73190336773
 152  259 -3352 -71.499624 -30.280871 -33.9996452332 1.34407913685 369 0.658436763739 -0.184342037048 0.729710409796
 153  264 -3352 -71.448262 -30.280804 -32.1209068298 1.3356410265 369 0.655400566131 -0.183147597119 0.732738213972
 154  271 -3350 -71.369996 -30.260594 -27.9532089233 2.11225032806 1497 0.651150214529 -0.181437926834 0.736937239995
 155  244 -3357 -71.655662 -30.323254 -47.4291572571 1.80421555042 357 0.666750970174 -0.187738445835 0.721246106785
 156  241 -3362 -71.689842 -30.364941 -55.0690498352 2.04305124283 77 0.667832575835 -0.188280187837 0.720104185792
 157  244 -3362 -71.658710 -30.368025 -53.91147995 2.28044438362 372 0.666069077869 -0.187571467131 0.721919258756
 158  252 -3360 -71.579885 -30.346483 -45.7088928223 3.89734125137 1499 0.661886473709 -0.185857395228 0.726192756762
 159  241 -3367 -71.693811 -30.411967 -63.1035881042 2.78555846214 107 0.667130987221 -0.188113721175 0.720797616745
 160  244 -3367 -71.659696 -30.413091 -61.458820343 2.41738820076 380 0.665296193173 -0.187365026145 0.722685057395
 161  240 -3372 -71.698034 -30.456954 -72.3713378906 3.01123428345 155 0.66648543304 -0.187964630704 0.721433367268
 162  244 -3372 -71.661179 -30.458351 -69.9638137817 2.97277569771 373 0.664468395966 -0.187145033367 0.723503211229
 163  249 -3367 -71.607284 -30.413184 -57.7830467224 2.53829288483 375 0.662210945129 -0.18613995417 0.725828249613
 164  254 -3367 -71.555551 -30.414490 -52.9552459717 2.36334514618 372 0.659080048242 -0.184908723879 0.728985904365
 165  249 -3372 -71.609316 -30.458521 -65.6479568481 2.72794008255 374 0.661510231183 -0.185960844558 0.72651272805
 166  254 -3372 -71.557103 -30.459762 -60.437335968 2.74686980247 380 0.658266629671 -0.184693786659 0.729774806845
 167  262 -3359 -71.475970 -30.348257 -39.6915740967 3.11223816872 1500 0.65569755431 -0.183420758595 0.732400251309
 168  271 -3360 -71.372163 -30.350639 -35.0171928406 2.61156439781 1499 0.64946041706 -0.180984382821 0.73853832026
 169  262 -3369 -71.478168 -30.438461 -50.3814888 4.32980918884 1503 0.654011263502 -0.182968177144 0.734019396231
 170  272 -3370 -71.374196 -30.440666 -43.6714172363 3.29082608223 1499 0.647792163573 -0.180536335293 0.740111315704
 171  274 -3297 -71.329576 -29.785057 -6.57788705826 0.509505212307 312 0.65832216732 -0.183138624598 0.73011663346
 172  275 -3301 -71.318882 -29.825518 -7.29569864273 0.825427472591 107 0.656847672485 -0.182660300876 0.731563927414
 173  274 -3312 -71.336014 -29.922904 -10.1391649246 1.05309355259 372 0.655906415434 -0.182518748066 0.732442563259
 174  269 -3318 -71.384906 -29.971552 -12.1074476242 1.01154971123 263 0.657857848438 -0.183391099477 0.730471989501
 175  274 -3317 -71.337024 -29.968324 -11.5940351486 0.614875912666 377 0.655053367349 -0.182290655746 0.733262092903
 176  269 -3322 -71.389511 -30.011433 -14.4362983704 0.548187434673 380 0.657366028899 -0.183287620544 0.730940300383
 177  274 -3322 -71.337763 -30.013062 -13.6326799393 0.734593868256 368 0.654268065063 -0.182080620819 0.734015131936
 178  272 -3329 -71.358083 -30.078442 -16.4318695068 1.41859662533 1276 0.654148957432 -0.182185678868 0.734092334361
 179  270 -3257 -71.364215 -29.422471 -2.53133392334 1.14905202389 129 0.667552260927 -0.185904283279 0.720980661322
 180  274 -3257 -71.323386 -29.424871 -0.692953944206 0.616730332375 357 0.665126658454 -0.184958290152 0.723460495305
 181  274 -3262 -71.321544 -29.472100 -1.46894025803 0.545452594757 306 0.664090793896 -0.184662918347 0.724487255407
 182  274 -3267 -71.326071 -29.516344 -1.84149348736 0.492089271545 368 0.663500527001 -0.184533211119 0.725060598358
 183  274 -3272 -71.326187 -29.560551 -2.43597865105 0.495875328779 357 0.662635221034 -0.184297456628 0.725911344467
 184  275 -3280 -71.317509 -29.631330 -3.25173187256 1.26362895966 375 0.66068204848 -0.183702882608 0.727840099812
 185  275 -3287 -71.323136 -29.698678 -4.88640260696 0.465685069561 254 0.659682537392 -0.183467812367 0.728805640082
 186  274 -3292 -71.329554 -29.743714 -6.14964103699 0.904985249043 339 0.659190012994 -0.18337711727 0.729273592125
 187  259 -3217 -71.470263 -29.063062 0.195968434215 0.151064202189 368 0.680486453292 -0.190168636203 0.707652806426
 188  264 -3217 -71.419043 -29.063605 0.0161274373531 0.0775715187192 370 0.677647868202 -0.189034047844 0.710674218229
 189  259 -3222 -71.470900 -29.108695 0.0776892080903 0.329289376736 357 0.679645747865 -0.189945937539 0.708520007067
 190  264 -3222 -71.419858 -29.108180 0.0118522206321 0.0697989761829 374 0.67683812195 -0.188820669756 0.711502109619
 191  272 -3220 -71.342395 -29.088397 0.235646679997 0.202892839909 1483 0.672903284219 -0.187206835077 0.715645250202
 192  259 -3227 -71.472351 -29.153147 -0.0538588799536 0.079857647419 374 0.678915613475 -0.189759296808 0.709269554698
 193  264 -3227 -71.420966 -29.153842 -0.12889906764 0.0827279016376 367 0.676039452936 -0.188612474651 0.712316194412
 194  259 -3232 -71.473396 -29.198320 -0.265409767628 0.220364898443 360 0.678109441366 -0.189548084678 0.710096837911
 195  264 -3232 -71.422011 -29.198933 -0.405830621719 0.12466340512 380 0.675231613611 -0.1884008946 0.713137783189
 196  271 -3230 -71.344583 -29.178337 -0.0872516185045 0.22181174159 1476 0.671279806876 -0.186782028294 0.717278962859
 197  254 -3237 -71.528708 -29.243372 -0.992835044861 0.710533380508 297 0.680322674991 -0.190546631361 0.707708938555
 198  251 -3242 -71.557962 -29.284861 -1.95484983921 0.91318911314 54 0.681162367264 -0.190986249182 0.706782817841
 199  253 -3242 -71.538694 -29.283426 -1.21922552586 1.11392271519 177 0.680127730477 -0.190566228355 0.707891364219
 200  259 -3237 -71.472396 -29.243567 -0.468368530273 0.533626914024 344 0.67717987247 -0.189288850007 0.711052482558
 201  264 -3237 -71.423189 -29.244097 -0.429853320122 0.155428513885 364 0.674398383269 -0.188182744965 0.713983454547
 202  259 -3241 -71.475638 -29.278598 -1.22746121883 0.863861739635 185 0.676693193977 -0.189180028439 0.711544602626
 203  264 -3241 -71.419035 -29.279752 -1.20308744907 1.21897244453 164 0.673469160752 -0.187900716575 0.714934108824
 204  272 -3239 -71.346493 -29.267947 -0.221425592899 0.268403202295 1474 0.669557681441 -0.18632649418 0.719004876659
 205  273 -3249 -71.330472 -29.355407 -0.626791000366 0.543222784996 921 0.666939800712 -0.185502152651 0.721648304263
 206  269 -3187 -71.356434 -28.792659 2.24797868729 0.559797823429 3555 0.679292861554 -0.189031427441 0.709094207196
 207  256 -3198 -71.497818 -28.887525 1.26584970951 0.18894803524 85 0.685257239903 -0.191654020022 0.702631576622
 208  255 -3202 -71.505219 -28.929524 0.598126173019 0.148325771093 169 0.684890823604 -0.19160955245 0.703000693632
 209  255 -3207 -71.511593 -28.973747 0.452999085188 0.355394184589 260 0.68440684103 -0.191525481297 0.703494424774
 210  255 -3212 -71.512000 -29.014465 0.447438836098 0.913776993752 210 0.683668891589 -0.191329634261 0.704264494635
 211  261 -3200 -71.440937 -28.905834 1.20015823841 0.368729829788 1477 0.681861826715 -0.19032920894 0.706280991163
 212  271 -3200 -71.338543 -28.907847 1.54543161392 0.731441617012 1480 0.676262453883 -0.188089117076 0.712239396129
 213  262 -3209 -71.442987 -28.995854 0.379868030548 0.219809174538 1478 0.680274399474 -0.189915862968 0.707921021241
 214  271 -3210 -71.340488 -28.998123 0.578805983067 0.197966143489 1483 0.674539772667 -0.187636195669 0.713990320166
 215  282 -3619 -71.325326 -32.695869 -5.75613498688 0.617827773094 1539 0.593573612815 -0.164917034984 0.787695369641
 216  291 -3620 -71.218929 -32.698545 -6.16746807098 0.342117220163 1533 0.585809016803 -0.162066533666 0.794073240242
 217  282 -3629 -71.327741 -32.785970 -4.85357093811 0.729232370853 1537 0.591510481236 -0.164341473374 0.789365979938
 218  292 -3630 -71.221080 -32.788416 -5.50029850006 0.352475941181 1535 0.583706432173 -0.161478899075 0.795739686373
 219  307 -3625 -71.059916 -32.746145 -4.65415811539 1.43880569935 6115 0.573153892367 -0.157543066458 0.804136149881
 220  282 -3639 -71.330070 -32.876153 -5.15304517746 0.404147565365 1541 0.589348183446 -0.163736009495 0.791106459926
 221  291 -3639 -71.223333 -32.878337 -5.53002977371 0.348777770996 1538 0.581551991452 -0.160875923428 0.797437650601
 222  281 -3649 -71.332559 -32.960994 -4.98421144485 0.29685229063 1361 0.587340047831 -0.163175749152 0.792714291553
 223  292 -3649 -71.225381 -32.961976 -4.46865987778 0.42537483573 1323 0.579668336625 -0.160348994943 0.79891410684
 224  301 -3640 -71.116618 -32.880642 -4.56462955475 0.920982301235 1536 0.573812446557 -0.158051379171 0.803584850704
 225  312 -3639 -71.009608 -32.881968 -4.61844587326 0.773629903793 1546 0.565790599523 -0.155162481497 0.809811734135
 226  301 -3649 -71.118621 -32.961793 -3.12231421471 1.37138879299 1179 0.57205442451 -0.157560477389 0.804933806564
 227  311 -3649 -71.012261 -32.964152 -2.00760006905 1.25452363491 1257 0.56415823332 -0.154711401382 0.811036425255
 228  281 -3580 -71.316255 -32.336033 -11.1635341644 0.609224677086 1528 0.601436463365 -0.167105397093 0.781243217943
 229  291 -3580 -71.210320 -32.337722 -11.096162796 1.04952895641 1524 0.594061684616 -0.164366743735 0.787442159543
 230  281 -3590 -71.318509 -32.425915 -9.34982681274 0.487816214561 1529 0.599414976654 -0.166543011341 0.782915259982
 231  291 -3590 -71.212285 -32.427919 -9.26047992706 0.547929048538 1535 0.59198820789 -0.163787885287 0.78912220805
 232  307 -3585 -71.051515 -32.385369 -9.55265808105 1.25179934502 6098 0.581499339303 -0.159866889671 0.797660727028
 233  281 -3599 -71.320798 -32.515823 -7.90846204758 0.355407595634 1531 0.597447175905 -0.165996232915 0.784533483425
 234  291 -3600 -71.214455 -32.518254 -8.29704856873 0.449489206076 1538 0.589881148504 -0.163201101066 0.790820146839
 235  281 -3609 -71.323111 -32.605736 -7.03271341324 0.436813533306 1532 0.595433929026 -0.165435255945 0.78618101266
 236  291 -3610 -71.216703 -32.608520 -6.82159090042 0.728775084019 1537 0.587960955727 -0.162667066557 0.792358609633
 237  307 -3604 -71.055615 -32.565530 -5.26872730255 2.13153839111 6121 0.577572663641 -0.158776066317 0.800725735922
 238  281 -3540 -71.307080 -31.975258 -23.9769611359 1.89567959309 1527 0.609688086219 -0.169395717926 0.774323327993
 239  292 -3540 -71.201186 -31.977182 -22.1401386261 1.87253403664 1527 0.602426972979 -0.166687974185 0.780568223337
 240  281 -3550 -71.309349 -32.065560 -19.4656486511 1.26209676266 1527 0.607610554498 -0.168819885172 0.776080021729
 241  291 -3550 -71.203513 -32.067236 -18.6014556885 1.2555410862 1524 0.60029205543 -0.166095770543 0.782337622888
 242  307 -3545 -71.043566 -32.024709 -16.78307724 3.24327135086 6108 0.590275300617 -0.162307327885 0.790693344559
 243  281 -3560 -71.311667 -32.155849 -15.3118085861 2.00827169418 1531 0.605644272715 -0.168275512838 0.777734305912
 244  292 -3559 -71.205549 -32.157067 -13.2450256348 1.3410410881 1518 0.59852334323 -0.165607202244 0.783795154181
 245  281 -3570 -71.313974 -32.246019 -13.0794382095 0.930744886398 1529 0.603555319705 -0.167695002853 0.779481082395
 246  291 -3570 -71.208123 -32.247463 -12.66751194 1.427713871 1498 0.596226411564 -0.164968832661 0.785678544095
 247  306 -3564 -71.047797 -32.204894 -12.0734558105 1.33804440498 6099 0.585958935576 -0.161109908394 0.794139342966
 248  281 -3499 -71.298214 -31.614389 -53.9739875793 2.48741483688 1519 0.617273985672 -0.17148709615 0.767825846612
 249  291 -3499 -71.192771 -31.615945 -50.3352050781 2.13869214058 1523 0.610115408115 -0.168808680642 0.77411468148
 250  281 -3509 -71.300455 -31.704512 -45.9130249023 2.67263841629 1523 0.615322720903 -0.170950268846 0.769509369186
 251  292 -3509 -71.194856 -31.706247 -42.8941688538 2.26691222191 1524 0.608089335282 -0.168249308427 0.775829130309
 252  307 -3505 -71.035618 -31.664311 -38.3320655823 4.88841342926 6088 0.598181386443 -0.164491765495 0.784274402883
 253  281 -3519 -71.302675 -31.794764 -37.935546875 2.45771217346 1525 0.613461138342 -0.170437066106 0.771108479891
 254  292 -3519 -71.196953 -31.796545 -35.2874450684 2.22937107086 1526 0.606218688961 -0.167734259097 0.777402393276
 255  281 -3530 -71.304846 -31.885034 -31.0262832642 2.51413869858 1526 0.611476060643 -0.169888470903 0.772804536443
 256  292 -3529 -71.198971 -31.886787 -28.5387573242 1.74524366856 1523 0.60426349661 -0.16719323519 0.779039729878
 257  307 -3525 -71.039657 -31.844506 -27.3032741547 4.09471082687 6084 0.594113327058 -0.163368695863 0.787593214411
 258  282 -3459 -71.289209 -31.253637 -77.7152328491 2.22165942192 1516 0.625078195396 -0.173630643292 0.761000221512
 259  292 -3460 -71.184375 -31.255837 -72.3339309692 2.70298266411 1512 0.618027408484 -0.170984505375 0.767331857096
 260  282 -3469 -71.291343 -31.343877 -72.4063644409 2.0502011776 1517 0.623073382093 -0.173079624242 0.762767754382
 261  292 -3469 -71.186320 -31.345873 -66.9086914062 2.98065066338 1514 0.616150168911 -0.170469109742 0.768954896628
 262  307 -3465 -71.027770 -31.303421 -57.2713737488 5.1756644249 6071 0.60642759217 -0.166764397938 0.777431387963
 263  282 -3479 -71.293508 -31.434149 -65.7761077881 2.43073225021 1520 0.621275602948 -0.172587599086 0.764344171905
 264  292 -3479 -71.188405 -31.435893 -61.6590995789 2.22422647476 1514 0.614256246756 -0.169949801115 0.770582657273
 265  282 -3489 -71.295836 -31.524318 -60.5940742493 1.97032916546 1517 0.619243392052 -0.172028313883 0.76611712962
 266  291 -3489 -71.190697 -31.525842 -56.0181312561 2.26038551331 1516 0.612266047059 -0.169402821859 0.772285153809
 267  306 -3485 -71.031889 -31.483877 -49.4613990784 5.2820057869 6074 0.60229824686 -0.165628473522 0.780877026438
 268  281 -3420 -71.280731 -30.893419 -83.7299194336 3.66693425179 1509 0.632268751829 -0.175591431346 0.754582998332
 269  292 -3420 -71.176098 -30.895139 -70.6618423462 3.93398499489 1512 0.625483334419 -0.173021230147 0.760806198434
 270  281 -3430 -71.282990 -30.983466 -86.8238677979 3.48629260063 1506 0.630562975983 -0.175128935719 0.756116488065
 271  291 -3430 -71.178365 -30.985536 -75.381401062 3.51100826263 1514 0.623638630268 -0.17252003124 0.762432477827
 272  307 -3424 -71.020219 -30.942545 -57.2596435547 6.45385551453 6035 0.614011868812 -0.168841180793 0.771004338855
 273  281 -3439 -71.285070 -31.073383 -86.6751785278 2.88716125488 1508 0.628761561227 -0.174638015403 0.757728556146
 274  291 -3440 -71.180539 -31.075794 -77.3036727905 2.88202428818 1512 0.621795114347 -0.172017548519 0.764049883124
 275  282 -3449 -71.287058 -31.163432 -82.6424865723 2.28656077385 1513 0.626997466837 -0.174156378159 0.759299163423
 276  291 -3450 -71.182361 -31.165850 -75.2656478882 2.65245628357 1510 0.620010524238 -0.171529368819 0.765608416883
 277  306 -3444 -71.024170 -31.122925 -61.7051315308 5.99046468735 6054 0.610156054579 -0.167786760223 0.774288110442
 278  281 -3380 -71.272335 -30.532835 -47.4038200378 3.41604709625 1501 0.639445945591 -0.177537683862 0.748051512726
 279  292 -3380 -71.168016 -30.534451 -41.3171844482 2.76916742325 1509 0.63273790453 -0.174991602314 0.754328959426
 280  281 -3389 -71.274546 -30.622720 -56.6895904541 3.64044284821 1492 0.637580727484 -0.177032162243 0.749761586095
 281  292 -3390 -71.170034 -30.624690 -48.7431297302 3.25745391846 1498 0.630866828804 -0.174483785433 0.756012154318
 282  306 -3385 -71.012780 -30.582004 -34.5577049255 5.26241493225 6014 0.621650683997 -0.170924092525 0.764396824054
 283  282 -3400 -71.276366 -30.713102 -66.7888031006 4.42146921158 1498 0.635769302242 -0.176539327725 0.751414250906
 284  291 -3400 -71.172108 -30.714766 -56.4967918396 3.2963643074 1505 0.629198865083 -0.174033590508 0.757504514365
 285  282 -3410 -71.278499 -30.803178 -76.5449752808 4.71402549744 1506 0.633941642356 -0.176042908573 0.753072956525
 286  292 -3410 -71.174050 -30.804892 -63.6705169678 3.9481086731 1508 0.627393339254 -0.173542084108 0.759113153388
 287  306 -3405 -71.016506 -30.762333 -47.2483406067 5.84016799927 6026 0.617733324708 -0.169856380171 0.767801845515
 288  282 -3339 -71.263885 -30.171593 -19.4797077179 1.67890405655 1500 0.646486716429 -0.179434200158 0.741518958688
 289  291 -3339 -71.160147 -30.173638 -17.2342815399 1.50860774517 1494 0.640102909591 -0.176984296416 0.747621295482
 290  282 -3349 -71.265970 -30.262004 -25.0227146149 1.92884707451 1504 0.644820758161 -0.178987881694 0.743075990098
 291  292 -3349 -71.161968 -30.263521 -20.5454101562 2.02846980095 1496 0.638494270689 -0.176552431658 0.749097162509
 292  306 -3345 -71.005454 -30.221350 -14.7373247147 2.3051636219 5997 0.629294836543 -0.172999681195 0.75764497153
 293  282 -3360 -71.268023 -30.352520 -31.0513153076 2.35866570473 1507 0.643187315043 -0.178550006966 0.744594814489
 294  292 -3359 -71.163836 -30.353491 -26.8696365356 2.32460212708 1499 0.636556989157 -0.176026655603 0.750867038866
 295  281 -3370 -71.270315 -30.442820 -38.5943450928 2.63379621506 1500 0.641358781139 -0.178057050894 0.746288581252
 296  292 -3369 -71.166027 -30.443828 -33.9964027405 2.345028162 1509 0.634640733677 -0.175508184177 0.752608582822
 297  307 -3365 -71.008867 -30.401768 -23.6829147339 3.86086010933 6005 0.62541150341 -0.171944356612 0.761092975525
 298  282 -3299 -71.255360 -29.810745 -7.23949098587 0.663524031639 1487 0.653377475439 -0.181275871831 0.735003238047
 299  291 -3300 -71.152431 -29.813463 -6.36765527725 1.20829701424 1486 0.647164603903 -0.178880283351 0.741061216047
 300  282 -3310 -71.250219 -29.902628 -9.38170528412 0.767968714237 1274 0.651129411753 -0.180622337295 0.73715705021
 301  292 -3310 -71.154230 -29.903118 -8.99657344818 0.676892161369 1486 0.645241943736 -0.178361470574 0.742860949537
 302  301 -3299 -71.049018 -29.814303 -5.27199697495 1.24063360691 1498 0.640703868723 -0.176423883128 0.747238900577
 303  312 -3299 -70.945285 -29.816104 -2.56107854843 0.567005038261 1496 0.634296741994 -0.173994861862 0.753250071669
 304  302 -3310 -71.050734 -29.904927 -7.14883565903 1.07439243793 1501 0.638899917923 -0.175938734734 0.748895792704
 305  312 -3309 -70.947200 -29.906082 -5.64264011383 1.12272167206 1485 0.632220264155 -0.173433907235 0.755122401136
 306  282 -3319 -71.259800 -29.991544 -12.0097475052 0.970881640911 1492 0.649918828989 -0.180353838491 0.738288834811
 307  291 -3319 -71.156278 -29.993109 -11.1765584946 0.941997528076 1497 0.643608788371 -0.177926611367 0.744380341344
 308  282 -3329 -71.261848 -30.081533 -15.1089334488 0.991855144501 1485 0.64819976846 -0.179893513701 0.739910445591
 309  292 -3329 -71.158094 -30.083471 -13.4375667572 1.37533283234 1499 0.641964143201 -0.177485678 0.74590458625
 310  301 -3320 -71.052670 -29.995404 -10.1446418762 0.87607640028 1496 0.636943923001 -0.175411211835 0.750683289918
 311  312 -3319 -70.948868 -29.995902 -8.28066444397 1.18518531322 1498 0.630310496278 -0.172917837364 0.756835940922
 312  301 -3330 -71.054525 -30.085331 -11.8169603348 0.682971596718 1492 0.635327338214 -0.174979303901 0.752152449484
 313  312 -3329 -70.950598 -30.086572 -10.0749568939 1.17281019688 1506 0.628519722942 -0.172435344522 0.758433470886
 314  282 -3260 -71.247606 -29.450987 -1.06582319736 0.505742251873 1489 0.660347934575 -0.183134822737 0.728282213972
 315  292 -3260 -71.144644 -29.452267 -0.137111112475 0.611130595207 1483 0.654235107024 -0.180767531762 0.734365405099
 316  281 -3270 -71.249725 -29.540945 -1.50003731251 0.868885040283 1480 0.65875479285 -0.1827148423 0.729829063085
 317  291 -3269 -71.146790 -29.542300 -0.0924444198608 0.867129921913 1491 0.652650662631 -0.180349871486 0.735876120712
 318  301 -3259 -71.041705 -29.453242 0.248297125101 0.6864336133 1487 0.647922910775 -0.178356461984 0.740525252882
 319  311 -3260 -70.938706 -29.455677 0.933714270592 0.527879655361 1491 0.64142333114 -0.175905587528 0.7467435213
 320  302 -3269 -71.043320 -29.543640 0.717905640602 0.26097330451 1494 0.646394887363 -0.177951954574 0.741956300605
 321  312 -3270 -70.940077 -29.546095 0.801919221878 0.379934817553 1490 0.639673096902 -0.175436346343 0.748353382245
 322  281 -3279 -71.251765 -29.630632 -3.25018239021 0.49747979641 1485 0.65694378791 -0.182231642983 0.731580240157
 323  291 -3280 -71.148601 -29.632721 -1.19045519829 0.919049143791 1494 0.650887798912 -0.179879036185 0.737551054083
 324  281 -3289 -71.253780 -29.720673 -5.23324203491 0.978958666325 1491 0.655259186433 -0.181783851563 0.733200104584
 325  291 -3290 -71.150412 -29.723276 -3.62440371513 1.11950623989 1497 0.648999402383 -0.179371678887 0.73933607101
 326  302 -3280 -71.044980 -29.634261 -0.552304983139 0.770014941692 1496 0.64454367705 -0.177454918444 0.743683198596
 327  311 -3280 -70.942048 -29.635807 -0.209464743733 0.535765051842 1477 0.637890204475 -0.174960499187 0.749984768572
 328  301 -3289 -71.047077 -29.724310 -3.06530237198 1.27557468414 1484 0.642582417016 -0.176928496214 0.745503720167
 329  311 -3289 -70.943882 -29.725596 -1.44089078903 0.786984443665 1494 0.636055153297 -0.174468395491 0.751656191975
 330  282 -3220 -71.239653 -29.089858 1.11710584164 1.01243102551 1482 0.667127000658 -0.184925104342 0.721621262078
 331  292 -3219 -71.136940 -29.091054 2.5701520443 0.74161285162 1481 0.661161074358 -0.182602170198 0.72767800137
 332  281 -3230 -71.242045 -29.179991 0.975385069847 0.933022916317 1484 0.665517156738 -0.18450543926 0.723213622231
 333  291 -3229 -71.139109 -29.181251 2.59241700172 0.515852451324 1486 0.65960069841 -0.182194807197 0.72919462174
 334  301 -3220 -71.034583 -29.093337 2.95802116394 0.478056311607 1476 0.654987189303 -0.180235206859 0.73382525986
 335  311 -3219 -70.932069 -29.094496 3.1704685688 0.253503859043 1482 0.648610346029 -0.177822046153 0.740051289681
 336  301 -3230 -71.036386 -29.183256 2.60458469391 0.597658157349 1482 0.653294227505 -0.179787256538 0.735442174229
 337  311 -3230 -70.933512 -29.184805 2.79553413391 0.532241463661 1488 0.646849470393 -0.177352679313 0.741703083438
 338  281 -3240 -71.243921 -29.270261 -0.273910999298 0.537389099598 1487 0.663661450649 -0.184011383472 0.725042485477
 339  292 -3239 -71.140832 -29.271652 1.28554439545 0.963060677052 1488 0.657734939007 -0.181696435497 0.731002106582
 340  281 -3250 -71.245834 -29.360614 -0.561388969421 0.369146853685 1489 0.66201267405 -0.183576526019 0.726657920912
 341  292 -3250 -71.142590 -29.362112 -0.739727914333 0.361943423748 1490 0.655771742731 -0.181170844712 0.732893806616
 342  302 -3240 -71.037884 -29.273435 1.30642330647 0.710049390793 1485 0.651410395088 -0.179282861085 0.737234235532
 343  312 -3240 -70.934948 -29.275355 1.4854080677 0.466247200966 1490 0.644903843915 -0.176830767725 0.743519680332
 344  302 -3249 -71.039690 -29.363420 -0.359366416931 0.55249196291 1479 0.649498930285 -0.178771855412 0.739042656215
 345  311 -3250 -70.937205 -29.365499 0.508935272694 0.408798962831 1483 0.643089525336 -0.176349945191 0.745203808241
 346  286 -3184 -71.181982 -28.774835 3.31046271324 0.626270413399 5911 0.669997790827 -0.185303196823 0.718845189434
 347  306 -3184 -70.977161 -28.777950 3.97356128693 0.467690110207 5917 0.657814705263 -0.180616607044 0.731181555409
 348  282 -3199 -71.235925 -28.909249 1.78486335278 0.744274020195 1481 0.670429573882 -0.185792916383 0.718329981764
 349  291 -3199 -71.133472 -28.910837 2.61169600487 0.672060966492 1476 0.664528372327 -0.183490290592 0.724380243156
 350  282 -3210 -71.237736 -28.999555 1.28963029385 0.550218224525 1483 0.668722926606 -0.185343680827 0.720035141011
 351  292 -3209 -71.135073 -29.000921 2.09297299385 0.665552794933 1480 0.662763466424 -0.183023177933 0.726112857622
 352  307 -3205 -70.980384 -28.958594 2.5411324501 0.560001432896 5934 0.654243310825 -0.179670470491 0.734611066797
 353  298 -3155 -71.063705 -28.513749 2.74093842506 0.677673995495 22180 0.667822701916 -0.183899362012 0.721176792207
 354  301 -3115 -71.022418 -28.148928 1.76066482067 0.764110207558 18315 0.672418084767 -0.184839125364 0.716673189491
 355  305 -3077 -70.977639 -27.808321 1.44091403484 0.555800974369 13052 0.67619985711 -0.185527996378 0.712948333334
 356  311 -3032 -70.902403 -27.399948 2.18175601959 0.486705303192 5483 0.679457410026 -0.18585579141 0.709771520494
 357  311 -3006 -70.900239 -27.164087 2.24906754494 0.481885820627 2960 0.683678896161 -0.186944948278 0.705426687606
 358  327 -3625 -70.846483 -32.749452 -4.08221244812 1.2707824707 6143 0.5567474324 -0.151700001513 0.816687285784
 359  346 -3625 -70.633205 -32.752282 -2.96942877769 0.894589304924 6147 0.539661698755 -0.14574352484 0.829144648891
 360  326 -3643 -70.850520 -32.920233 -3.64642357826 1.03670680523 5520 0.552569102096 -0.15053616922 0.819734911804
 361  346 -3643 -70.636673 -32.921548 -1.53921115398 1.37545371056 5418 0.535475134387 -0.144579826941 0.832057892781
 362  336 -3595 -70.735132 -32.480563 -4.30019235611 2.31906223297 24467 0.5552970169 -0.150699481918 0.817785222929
 363  336 -3555 -70.732700 -32.121101 -9.29585647583 3.13798928261 23436 0.564793975402 -0.153363326107 0.810758243236
 364  327 -3504 -70.824784 -31.667206 -27.6301174164 3.31910586357 6077 0.583264584376 -0.15906438896 0.796531681042
 365  345 -3505 -70.625792 -31.670202 -19.6960048676 2.56920027733 5128 0.568782416909 -0.153888603638 0.807943444786
 366  326 -3524 -70.828464 -31.847544 -20.6579151154 2.69371581078 6101 0.578822610769 -0.15783596952 0.800008887268
 367  346 -3524 -70.620058 -31.850378 -14.825006485 2.27575182915 5884 0.56312529924 -0.152273547927 0.812197621828
 368  325 -3464 -70.831795 -31.306294 -41.1624336243 4.17317199707 4877 0.593181443637 -0.161886470018 0.788605284637
 369  345 -3467 -70.625262 -31.335515 -27.9914741516 2.56412696838 2265 0.577399394475 -0.15629561102 0.801341600318
 370  326 -3485 -70.822732 -31.488214 -35.4890975952 4.3460559845 5940 0.587726654569 -0.160304473687 0.792995911275
 371  344 -3484 -70.634324 -31.488441 -25.374622345 2.61204481125 3584 0.574285989943 -0.155476185938 0.803735331782
 372  326 -3424 -70.811089 -30.945722 -38.6843261719 4.60994052887 6032 0.599631958105 -0.163566797455 0.783358907184
 373  346 -3425 -70.610116 -30.950803 -26.5776386261 3.27131581306 5233 0.585207840851 -0.158387928857 0.795241260834
 374  326 -3444 -70.814851 -31.125814 -42.1435813904 4.66629171371 5997 0.595864079377 -0.162537805777 0.786443020873
 375  345 -3442 -70.621494 -31.107335 -29.4237155914 3.43786430359 3771 0.58239688389 -0.157670252316 0.797446656341
 376  326 -3384 -70.804630 -30.584741 -23.3206634521 3.59474849701 5997 0.607756717227 -0.165788900831 0.776603381296
 377  346 -3384 -70.598845 -30.586064 -16.3388538361 2.36889457703 5324 0.593647414003 -0.160667063177 0.788500184922
 378  326 -3404 -70.807722 -30.765349 -32.3181037903 4.4304151535 6024 0.603492815923 -0.164621617081 0.780167321305
 379  346 -3405 -70.600547 -30.769264 -21.5862579346 3.32561039925 5881 0.588830272289 -0.159339381534 0.792372659748
 380  326 -3345 -70.797768 -30.224322 -10.2013273239 1.78146064281 5994 0.615498539474 -0.16789240485 0.770026112681
 381  346 -3344 -70.590714 -30.226561 -6.94519901276 1.43883955479 5915 0.601353444926 -0.162751839726 0.782209623999
 382  327 -3364 -70.800894 -30.404634 -16.1792182922 2.60613036156 6002 0.611491279577 -0.166801926452 0.773447508367
 383  346 -3364 -70.594000 -30.407093 -11.2166624069 1.83095324039 5879 0.597380414344 -0.16167230643 0.785471204238
 384  327 -3305 -70.790995 -29.863453 -2.00350427628 1.2612183094 5986 0.62306234132 -0.16993578909 0.763467406056
 385  347 -3305 -70.583808 -29.866249 -0.602398753166 0.828899085522 5969 0.609140547182 -0.164854667822 0.775713628452
 386  327 -3325 -70.794124 -30.043996 -6.60347414017 1.4641520977 5985 0.619000808966 -0.168835662493 0.767005826776
 387  347 -3325 -70.586862 -30.046519 -3.54922795296 1.19499611855 5979 0.604845683418 -0.163690200384 0.779315167834
 388  326 -3264 -70.784744 -29.502542 1.80431830883 0.536288380623 5946 0.630617062552 -0.171970007656 0.756780758906
 389  346 -3265 -70.578631 -29.505292 2.13110947609 0.39828017354 5959 0.617227536857 -0.167040333104 0.768827860118
 390  326 -3284 -70.788136 -29.682870 0.520888626575 0.631848752499 5969 0.626994791133 -0.170999127682 0.760003133402
 391  346 -3285 -70.581460 -29.685771 1.02476775646 0.642839550972 5965 0.61331327679 -0.165986338325 0.77217929736
 392  326 -3225 -70.778465 -29.141866 4.05197715759 0.641141057014 5942 0.637907010875 -0.173918409817 0.750197716682
 393  347 -3224 -70.572822 -29.144263 3.9959256649 0.508438885212 5935 0.62474797466 -0.169055804409 0.762285523517
 394  326 -3245 -70.781686 -29.322304 2.71478152275 0.784844577312 5939 0.634297929141 -0.172955819675 0.753473927867
 395  346 -3244 -70.575787 -29.324751 3.05537056923 0.415047138929 5950 0.621115498793 -0.168085137523 0.765462109882
 396  337 -3195 -70.671193 -28.872496 4.74634075165 0.568914830685 23674 0.636614105582 -0.172892499388 0.751470455434
 397  336 -3155 -70.665748 -28.511612 4.35542106628 1.10966002941 23600 0.643578419819 -0.174735414055 0.745086576469
 398  337 -3115 -70.659874 -28.150684 4.00133752823 0.842618227005 23520 0.650414759531 -0.17652956333 0.738699657014
 399  336 -3075 -70.654532 -27.789762 3.66439676285 0.90143930912 23443 0.657261312577 -0.178318105664 0.73218304748
 400  336 -3035 -70.649117 -27.428869 3.14070057869 0.738663196564 23361 0.66402615198 -0.180071791893 0.725623043105
 401  337 -2995 -70.640987 -27.069178 3.28152942657 0.982764661312 22984 0.670562762729 -0.181734439554 0.719174570601
 402  340 -2956 -70.604919 -26.719822 3.56846833229 0.736824691296 19021 0.675062074294 -0.182660021775 0.71474180483
 403  344 -2915 -70.562685 -26.353562 3.07716584206 0.374288529158 14891 0.679362177288 -0.183478695777 0.710462815214
 404  347 -2876 -70.520264 -26.002274 2.34839272499 0.454191237688 10289 0.683431258609 -0.184229741 0.706369328364
 405  351 -2847 -70.479035 -25.740611 2.18999457359 0.0848644897342 2310 0.685877471311 -0.184567523783 0.703917512981
 406  371 -3634 -70.373923 -32.842115 1.18192791939 1.13590192795 13673 0.516074097593 -0.137829467679 0.845294561826
 407  368 -3595 -70.395193 -32.488648 -0.384269714355 1.42233514786 7045 0.528129086395 -0.141312190499 0.837210722017
 408  377 -3551 -70.297865 -32.090471 -4.43018484116 2.31318283081 6521 0.531332122468 -0.141736636049 0.835052566676
 409  383 -3516 -70.232429 -31.781333 -7.95787572861 3.09542131424 5501 0.53442646734 -0.142271279444 0.833012039121
 410  389 -3473 -70.165120 -31.392163 -10.9860258102 1.67147934437 5148 0.539727348328 -0.143391738879 0.829516450344
 411  376 -3427 -70.290196 -30.972428 -14.8365859985 5.01943778992 3122 0.560395370837 -0.149775041302 0.81439500923
 412  378 -3392 -70.270423 -30.661969 -10.3323402405 3.15326237679 15581 0.567103045581 -0.151516646706 0.809472709303
 413  375 -3354 -70.298535 -30.311485 -5.22472000122 2.16900491714 14726 0.578078246948 -0.154692102464 0.801081658806
 414  376 -3314 -70.280415 -29.954043 -0.389105588198 1.34503722191 21485 0.585223566579 -0.156555781666 0.795519395731
 415  374 -3275 -70.291034 -29.600256 1.68930351734 0.81707906723 20410 0.594931340933 -0.159271209218 0.787756359858
 416  376 -3235 -70.272093 -29.238193 3.50870990753 0.705746054649 22461 0.601867741455 -0.161055352689 0.782096094214
 417  376 -3195 -70.262187 -28.877082 4.49697732925 0.526506185532 23540 0.608927822141 -0.162911259567 0.776227055276
 418  377 -3155 -70.256829 -28.516028 4.88857984543 0.595363497734 23637 0.616741250575 -0.164989429278 0.769596000659
 419  376 -3115 -70.252830 -28.155012 5.3050160408 0.573468148708 23502 0.624103368853 -0.166941271978 0.76321526813
 420  377 -3075 -70.248531 -27.794065 5.33431911469 0.526563286781 23468 0.631363418049 -0.168853064726 0.756795523603
 421  377 -3034 -70.244461 -27.432889 4.35714387894 0.762883901596 23382 0.638490308729 -0.170718300654 0.750372856985
 422  376 -2995 -70.240543 -27.071963 4.79567193985 0.300737887621 23277 0.645906472901 -0.172653108512 0.743553052155
 423  377 -2955 -70.236358 -26.710898 4.09064149857 0.437123864889 23254 0.652930506479 -0.174467221662 0.736968700834
 424  377 -2915 -70.232649 -26.349798 2.57039642334 0.549487769604 23137 0.659630669517 -0.176183046045 0.730567537536
 425  377 -2875 -70.228859 -25.988685 2.19648122787 0.698651611805 23110 0.666416534968 -0.177910068721 0.723962928139
 426  373 -2849 -70.265072 -25.761710 2.56310868263 0.608347415924 5256 0.672968039139 -0.179829073871 0.717409548592
 427  409 -3548 -69.961493 -32.072545 -1.69042360783 1.04720151424 8046 0.503013620659 -0.132267489031 0.85405536266
 428  415 -3514 -69.894799 -31.766159 -3.50815820694 1.14695942402 16547 0.505533017381 -0.132668492713 0.852477200238
 429  417 -3474 -69.864419 -31.403507 -5.425385952 1.80100417137 22666 0.513251348446 -0.134660251566 0.847493514686
 430  420 -3434 -69.834841 -31.040849 -5.0192694664 1.44323790073 18991 0.520745226273 -0.136580647555 0.842619847931
 431  417 -3395 -69.861653 -30.685301 -3.63969922066 1.55011427402 22858 0.532999790487 -0.140068293418 0.834330770097
 432  420 -3356 -69.826409 -30.338343 -1.24198997021 1.18907523155 18264 0.539838763911 -0.141766065028 0.829663999121
 433  417 -3314 -69.851604 -29.955564 1.00888216496 0.663437962532 21200 0.551803017329 -0.145156264024 0.821138881824
 434  418 -3275 -69.842069 -29.602517 2.23224568367 0.642526328564 20386 0.560237232949 -0.147402963168 0.815011800745
 435  417 -3235 -69.846416 -29.246947 3.25347685814 0.624035656452 21355 0.569561921911 -0.149956323135 0.808056371973
 436  417 -3194 -69.849479 -28.873697 3.84144616127 0.5293866992 21838 0.578865749507 -0.152488058664 0.800937044461
 437  416 -3155 -69.848456 -28.520420 3.77354931831 0.383493244648 23122 0.58743858389 -0.154791631796 0.79423281322
 438  416 -3114 -69.846079 -28.157306 3.82667136192 0.430106133223 23364 0.595130530447 -0.156840219242 0.78808289213
 439  417 -3074 -69.842462 -27.796992 4.15569496155 0.492169559002 23448 0.603142846291 -0.158958547565 0.781544630106
 440  417 -3035 -69.839800 -27.435973 3.96542859077 0.58507835865 23374 0.61100065929 -0.161031068926 0.774992577405
 441  416 -2995 -69.837404 -27.074973 3.68899536133 0.594736158848 23308 0.618754973126 -0.163066938905 0.768386036004
 442  417 -2955 -69.834110 -26.713952 3.29683828354 0.613730251789 23228 0.626333826151 -0.165039798368 0.761800105565
 443  416 -2915 -69.831966 -26.352754 3.32796525955 0.390083611012 23170 0.63360210173 -0.166923599927 0.755353098537
 444  414 -2877 -69.852610 -26.011066 3.1836566925 0.37336397171 19498 0.641612063086 -0.168939996603 0.747822059382
 445  440 -3466 -69.629030 -31.331082 -1.54463481903 0.570729196072 2441 0.493284622857 -0.12812987683 0.860375536851
 446  444 -3432 -69.582592 -31.029068 -0.865589797497 1.03602540493 8705 0.497769058206 -0.129155869853 0.857620624925
 447  449 -3393 -69.529418 -30.671805 -0.564713597298 1.14363586903 14517 0.503613799706 -0.130518434798 0.853966998793
 448  454 -3353 -69.470164 -30.316881 1.29023814201 1.37607884407 21140 0.508199350354 -0.131510017589 0.851046355823
 449  456 -3315 -69.445935 -29.965387 2.06313967705 1.08150792122 23953 0.516074245124 -0.13353694923 0.845947717949
 450  457 -3275 -69.441782 -29.604786 2.82945752144 0.638099253178 23474 0.526049354885 -0.136211156434 0.839363867759
 451  457 -3234 -69.439977 -29.241344 3.49721264839 0.45062315464 23427 0.53556166033 -0.138766327592 0.83290503827
 452  457 -3194 -69.440688 -28.881966 3.45246338844 0.330323964357 23758 0.545287501883 -0.141383833067 0.826130199251
 453  456 -3155 -69.439508 -28.521253 3.34377264977 0.329920589924 23452 0.554680256595 -0.143896072452 0.819419916774
 454  457 -3114 -69.436478 -28.159337 3.21220827103 0.379866540432 23355 0.563553587335 -0.146252087649 0.812927955878
 455  457 -3075 -69.436086 -27.799122 3.52329969406 0.522301137447 23453 0.572275081985 -0.148571902548 0.806392258136
 456  456 -3035 -69.435774 -27.438114 2.81495308876 0.433588385582 23345 0.581072857656 -0.150904186132 0.799642778097
 457  457 -2994 -69.433324 -27.076476 2.37658190727 0.540666222572 23359 0.589288259539 -0.1530605277 0.793199106782
 458  456 -2955 -69.432335 -26.715585 1.70589339733 0.347210675478 23222 0.597784186863 -0.15529040987 0.786378908153
 459  457 -2915 -69.430771 -26.354496 1.65051949024 0.372413784266 23181 0.60560935565 -0.157327746596 0.779964925833
 460  454 -2886 -69.452648 -26.098906 1.22994506359 0.533149123192 9201 0.609562999457 -0.157257977821 0.775217666398
 461  480 -3309 -69.201411 -29.916474 3.98652863503 0.434286534786 3460 0.494482740097 -0.126647703319 0.859904764825
 462  483 -3273 -69.165403 -29.588082 3.74646496773 0.436570197344 8233 0.50089770339 -0.128220331576 0.855938895178
 463  488 -3233 -69.116330 -29.230206 3.91538977623 0.405960649252 13549 0.506698117242 -0.129567478528 0.852292229042
 464  493 -3193 -69.062317 -28.873719 3.63566446304 0.325738638639 19822 0.511753776748 -0.130690420868 0.849056207716
 465  496 -3155 -69.030901 -28.522021 3.36360192299 0.337315350771 23760 0.518808279516 -0.132435915084 0.844459017409
 466  497 -3115 -69.029835 -28.161084 3.48437523842 0.265704929829 23475 0.528788857963 -0.1350810579 0.837826480175
 467  496 -3075 -69.031030 -27.799694 3.0640835762 0.436049997807 23455 0.538719703249 -0.137716950433 0.831047404115
 468  497 -3034 -69.028719 -27.437792 2.77974462509 0.372890412807 22981 0.547800097096 -0.140104655607 0.824688861448
 469  496 -2995 -69.030799 -27.077806 2.33124184608 0.384944140911 23291 0.556978988215 -0.142530739748 0.818102602167
 470  497 -2954 -69.029583 -26.715882 1.85389006138 0.357235133648 23184 0.565876430915 -0.144859249598 0.811563349636
 471  496 -2914 -69.030289 -26.354908 1.35666680336 0.277721166611 23263 0.574583582121 -0.147137469246 0.805013003917
 472  496 -2890 -69.034200 -26.135265 0.839306592941 0.382447957993 4673 0.576831449095 -0.145676504357 0.802103357654
 473  519 -3147 -68.797335 -28.454972 3.31851696968 0.572540223598 2305 0.499158956999 -0.126228493219 0.857262390399
 474  523 -3112 -68.757574 -28.142143 3.33676171303 0.350154817104 7635 0.504586325222 -0.12749923912 0.853878556706
 475  528 -3073 -68.707901 -27.784839 2.85785651207 0.385106056929 13673 0.509948733566 -0.128710330126 0.850479713714
 476  533 -3033 -68.657418 -27.428991 2.82096457481 0.364258736372 19534 0.514764496139 -0.129768741484 0.847375648209
 477  537 -2995 -68.626756 -27.077072 2.11435985565 0.57110106945 23028 0.521764123509 -0.131475326931 0.842788415641
 478  537 -2955 -68.627482 -26.715989 1.83266067505 0.333098649979 23128 0.531236566474 -0.133951757119 0.836457660341
 479  536 -2915 -68.631387 -26.356658 1.19427967072 0.314841687679 22940 0.540886119152 -0.136293438713 0.829822646345
 480  564 -2952 -68.351838 -26.687748 1.61201930046 0.534636616707 8187 0.506568400123 -0.126372577462 0.852870671249
 481  568 -2917 -68.314664 -26.376885 0.956075012684 0.356042295694 11283 0.510991163877 -0.126674365885 0.849996296404
